0:
##.
.##
..#

1:
#.#
###
#.#

2:
#.#
###
.##

3:
#.#
#.#
###

4:
###
.##
..#

5:
..#
###
###

49x48: 64 63 67 65 53 50
48x41: 62 44 64 47 40 48
36x43: 32 37 38 59 30 39
49x35: 40 46 39 49 50 40
45x38: 39 24 33 28 29 26
48x35: 40 35 45 44 45 49
41x38: 39 23 27 18 24 24
40x45: 47 44 57 35 50 45
44x37: 37 34 43 48 45 43
41x38: 44 47 40 30 40 40
36x36: 47 25 40 26 28 37
42x38: 40 38 42 40 44 42
38x40: 47 45 33 35 37 39
47x48: 34 47 44 34 42 38
48x46: 54 65 56 44 56 64
38x42: 51 37 48 36 42 35
42x42: 35 37 53 36 54 55
42x48: 54 58 47 46 51 55
45x45: 35 36 45 38 36 35
36x46: 24 30 35 31 31 29
43x45: 34 55 40 58 47 59
48x49: 44 73 59 65 43 71
44x36: 41 39 42 32 46 45
35x42: 44 38 38 43 28 36
35x44: 26 25 36 23 20 23
50x47: 27 42 46 44 43 37
45x40: 38 54 49 47 40 46
35x48: 47 44 50 37 44 38
35x46: 37 41 50 50 36 32
46x37: 45 45 46 37 48 42
40x50: 56 52 58 50 50 43
48x43: 39 54 59 57 62 44
43x37: 38 43 38 39 40 46
44x42: 37 34 32 29 32 32
44x40: 34 23 27 37 31 29
49x35: 36 25 32 26 29 27
45x50: 38 35 36 36 58 37
49x49: 54 69 61 60 65 59
45x43: 53 46 46 48 49 57
45x38: 49 47 37 48 44 40
35x38: 19 28 14 21 26 23
47x50: 61 47 60 68 53 72
47x47: 60 47 60 57 57 60
38x41: 36 31 42 54 34 41
37x43: 31 37 51 44 39 40
35x41: 18 34 20 24 23 23
43x40: 34 27 28 33 24 35
44x47: 48 49 62 60 61 38
46x40: 56 40 44 52 49 45
45x41: 39 28 32 28 32 36
41x40: 41 47 44 42 39 39
43x47: 35 41 34 37 31 31
46x41: 43 58 52 52 43 40
42x37: 34 27 26 28 27 26
48x47: 61 62 60 55 49 60
36x49: 47 46 52 37 44 46
36x44: 33 19 26 29 41 19
42x48: 45 53 69 54 42 44
45x43: 33 29 34 37 33 43
37x43: 18 36 33 33 26 21
38x43: 44 39 45 39 47 39
40x38: 44 40 43 36 36 36
37x50: 31 33 37 32 31 28
43x41: 36 27 36 25 32 25
46x42: 29 29 30 36 46 39
42x37: 39 38 39 36 45 43
50x49: 51 38 42 39 39 47
38x38: 44 37 34 36 34 39
42x37: 41 49 36 42 36 35
38x46: 53 46 40 45 48 40
38x50: 44 47 56 59 40 44
43x50: 72 56 60 45 43 58
44x39: 39 28 28 36 32 19
38x50: 47 57 40 55 56 38
37x40: 46 44 26 40 37 37
39x35: 19 24 26 22 29 22
45x48: 47 49 60 60 54 60
38x49: 38 31 29 30 29 35
48x37: 34 25 35 30 26 41
46x38: 37 42 49 43 52 45
39x50: 41 48 53 51 45 59
39x43: 41 39 44 45 46 43
39x50: 53 62 53 54 42 36
35x48: 42 47 40 44 46 40
39x50: 45 62 43 52 36 59
44x46: 55 60 51 48 55 44
37x43: 59 32 43 42 24 48
41x38: 34 26 22 32 19 22
40x35: 39 32 35 30 45 37
45x39: 32 43 54 47 40 50
37x48: 45 37 52 43 49 48
44x48: 41 35 35 47 39 27
47x43: 34 32 36 30 29 48
39x50: 34 39 29 33 37 35
42x49: 31 45 38 39 36 35
41x40: 26 26 31 25 28 33
47x49: 36 46 46 33 33 45
46x44: 35 37 34 33 36 35
35x36: 20 19 24 19 18 31
49x38: 47 38 45 45 64 50
40x43: 46 55 32 39 35 57
38x50: 47 42 50 52 48 53
49x45: 53 46 71 63 47 57
42x43: 51 48 50 35 44 51
49x40: 53 51 56 59 45 38
37x45: 31 25 21 32 33 38
48x43: 53 45 52 57 53 58
49x42: 64 47 56 47 46 59
38x48: 40 41 50 55 41 51
49x46: 54 52 58 44 71 69
43x49: 40 31 41 36 32 43
40x47: 41 31 30 27 30 36
46x42: 42 39 32 42 22 33
35x44: 27 32 29 19 21 26
47x46: 43 28 44 39 37 33
39x35: 26 45 43 31 30 32
38x50: 42 30 33 33 33 20
43x48: 47 64 43 62 46 53
35x45: 48 42 41 34 43 37
42x46: 42 50 46 58 48 51
40x35: 25 47 34 41 39 27
37x50: 42 49 48 43 44 57
48x41: 40 32 31 31 42 31
41x42: 40 53 42 39 44 46
41x39: 41 46 42 32 31 53
48x38: 36 55 55 45 49 38
50x37: 56 48 46 40 59 40
45x39: 26 35 31 31 31 40
42x49: 66 51 56 54 48 45
45x43: 43 27 35 35 33 37
44x50: 29 40 41 39 37 37
41x39: 45 47 41 35 39 40
48x49: 42 50 38 44 45 37
39x46: 36 32 28 35 31 33
50x38: 28 37 33 30 30 33
48x39: 53 45 58 46 37 49
49x44: 50 57 51 61 59 53
46x45: 47 45 57 55 46 66
40x36: 32 19 28 30 18 28
49x38: 45 56 47 51 40 46
42x46: 33 34 35 40 33 34
50x46: 66 71 63 59 43 52
35x43: 28 22 25 29 23 27
36x49: 37 31 32 33 30 28
46x40: 45 53 47 50 41 46
40x43: 34 49 49 49 43 38
50x45: 46 51 68 54 49 74
46x43: 53 48 53 46 50 55
45x46: 48 43 31 40 32 31
42x48: 39 49 48 65 60 47
49x50: 41 43 40 37 50 45
37x46: 26 31 28 40 26 28
40x35: 44 33 31 34 43 34
48x40: 52 58 46 41 53 47
36x37: 22 23 25 25 28 21
47x49: 36 43 46 32 44 39
47x40: 29 33 32 29 20 51
38x47: 33 38 24 34 30 21
35x39: 34 37 35 39 29 35
45x37: 29 26 30 34 31 29
43x47: 32 44 37 25 29 43
38x36: 42 36 33 32 36 34
45x46: 55 56 53 51 52 52
42x40: 28 35 35 28 24 32
49x49: 66 42 64 75 55 68
49x36: 51 38 40 44 51 50
44x40: 43 39 38 48 49 54
39x47: 29 34 37 25 40 30
41x36: 38 37 38 28 49 39
45x43: 49 57 47 47 51 47
41x44: 58 35 47 56 39 45
49x45: 61 50 71 58 44 55
50x50: 67 60 67 69 53 68
45x44: 44 32 33 35 26 40
48x38: 45 40 50 50 51 45
44x39: 47 44 33 55 51 36
50x48: 62 62 63 57 50 74
43x36: 22 30 29 29 29 29
41x37: 46 43 34 42 26 43
49x40: 52 50 49 59 41 50
45x44: 50 45 57 52 52 49
36x43: 23 24 27 31 35 27
42x35: 28 27 36 27 17 18
48x39: 41 46 46 56 52 46
48x41: 54 40 51 56 56 48
41x40: 44 40 38 38 48 46
40x43: 43 35 45 50 47 45
35x39: 34 31 34 31 29 50
40x37: 21 35 25 21 24 29
38x41: 26 29 27 28 28 17
39x36: 34 17 20 32 27 25
41x49: 45 57 61 48 56 41
37x42: 37 41 37 46 35 42
46x46: 36 33 40 38 41 37
39x36: 26 39 39 43 32 34
48x41: 54 55 59 42 44 49
40x41: 51 44 41 35 40 44
42x43: 54 45 41 37 52 52
35x41: 24 28 30 24 13 23
38x49: 53 50 45 45 54 42
41x39: 39 51 39 45 35 36
36x42: 39 36 42 31 47 39
45x49: 41 68 64 47 57 58
38x36: 29 23 24 25 24 19
37x35: 33 30 35 39 38 25
36x37: 34 32 42 20 39 39
45x35: 44 37 41 41 37 43
43x35: 38 47 31 32 42 42
45x45: 54 50 39 68 57 45
43x48: 40 38 39 41 27 39
39x44: 43 45 40 39 38 58
46x35: 47 39 50 39 36 38
43x50: 58 53 57 51 48 64
50x49: 71 57 71 51 74 57
40x42: 38 34 40 48 55 44
44x48: 46 39 37 40 31 30
48x39: 45 27 35 38 31 32
39x38: 20 24 32 30 27 23
50x41: 56 51 49 51 56 54
49x40: 41 54 46 55 42 60
47x43: 30 38 41 28 33 40
47x49: 33 53 39 38 38 38
47x45: 52 57 54 64 46 51
44x44: 50 45 54 54 48 47
37x39: 37 30 25 23 23 18
48x47: 59 51 60 64 46 66
39x41: 41 41 51 43 39 31
41x47: 46 59 54 44 59 35
36x49: 47 41 42 42 51 50
47x42: 53 40 57 42 52 61
46x43: 48 45 51 51 53 56
48x50: 49 39 38 40 47 42
47x49: 63 50 72 56 60 55
42x45: 31 49 36 33 27 34
49x38: 55 45 45 52 43 48
47x46: 62 40 60 62 50 60
42x40: 49 50 44 37 34 45
48x35: 51 48 48 36 43 35
42x43: 35 51 41 52 39 56
47x45: 60 45 57 48 60 58
42x35: 31 23 22 25 21 32
39x44: 47 46 48 35 50 40
49x41: 31 34 29 38 44 31
46x36: 51 42 36 39 38 51
50x44: 56 56 60 57 51 58
36x36: 37 35 26 38 27 37
49x38: 38 29 46 26 30 23
44x40: 43 48 45 48 48 39
37x39: 15 25 31 34 31 19
48x46: 50 55 62 65 49 56
35x50: 33 29 31 24 26 32
36x35: 33 18 15 19 22 24
41x36: 24 27 29 28 22 26
48x40: 41 59 57 40 53 44
41x48: 62 41 44 48 49 62
37x46: 55 37 43 43 47 41
43x39: 42 35 56 41 49 36
46x35: 34 16 22 31 37 24
47x39: 40 49 41 50 59 43
39x35: 19 19 35 23 20 26
37x49: 40 30 37 23 32 30
50x48: 45 43 38 32 44 53
49x35: 33 21 28 39 26 29
49x47: 45 66 52 60 63 65
46x40: 29 30 27 37 44 28
45x35: 30 45 42 48 37 37
49x49: 62 70 62 53 62 61
45x37: 31 33 22 33 29 31
47x37: 37 29 36 21 24 32
39x39: 26 31 31 25 32 24
46x44: 32 42 31 38 29 37
36x40: 45 45 37 32 30 34
37x37: 27 42 33 35 38 34
36x48: 44 43 50 32 50 48
43x48: 47 59 61 54 58 38
45x38: 43 41 47 35 49 49
47x39: 49 45 42 48 54 46
45x46: 67 41 46 46 62 62
40x36: 29 26 33 26 20 21
43x47: 31 40 34 35 36 34
50x44: 43 52 63 62 58 57
35x44: 29 19 31 29 18 27
46x35: 55 38 37 48 34 39
42x46: 47 43 43 58 52 54
46x36: 32 30 30 24 32 31
40x38: 30 40 39 54 34 34
36x42: 27 36 27 20 30 27
44x39: 40 22 32 28 25 35
36x46: 42 33 22 34 20 29
48x39: 46 52 54 46 35 53
49x49: 39 37 46 40 38 56
49x48: 52 50 43 32 37 41
44x46: 36 62 59 45 50 55
46x40: 58 57 46 40 45 40
38x38: 37 41 32 40 34 38
44x42: 32 30 34 44 21 35
36x43: 26 39 20 26 25 31
49x38: 38 28 31 29 32 33
40x49: 47 50 44 53 51 56
44x44: 44 52 51 41 46 62
43x50: 28 40 38 42 38 38
39x36: 50 32 32 37 34 35
40x49: 44 51 49 56 49 51
48x46: 46 50 69 60 65 48
37x44: 49 40 43 47 36 37
36x49: 47 51 48 38 37 50
48x45: 72 55 49 48 45 67
35x38: 28 33 37 34 32 39
36x40: 43 32 32 38 40 39
50x44: 57 61 48 60 64 50
49x48: 59 66 55 57 55 69
41x48: 49 50 53 46 53 52
35x40: 28 46 49 36 27 26
41x41: 28 25 24 21 37 33
47x45: 50 58 61 45 71 42
39x36: 35 43 36 39 37 26
39x46: 41 22 31 32 33 35
35x42: 40 42 33 33 31 47
47x42: 37 30 30 37 38 38
44x40: 52 45 51 36 37 51
47x48: 39 56 34 35 38 37
49x50: 65 65 54 61 78 57
40x35: 39 41 37 32 40 28
39x48: 55 45 38 47 54 52
39x40: 35 29 29 20 25 31
45x47: 40 37 31 34 35 47
45x41: 41 31 23 35 34 30
39x46: 39 47 37 45 52 55
47x36: 37 47 36 48 46 45
42x41: 49 53 48 26 48 43
38x47: 36 36 29 30 27 22
39x46: 39 31 34 27 31 32
48x46: 44 43 45 32 35 40
39x41: 26 36 31 22 22 31
44x45: 35 37 40 28 35 34
36x46: 31 37 29 28 29 25
46x44: 58 50 54 56 49 46
35x49: 38 29 23 34 28 24
49x41: 39 31 37 35 31 35
36x49: 25 34 30 32 39 32
48x38: 51 47 37 47 52 49
42x37: 27 29 29 24 25 34
50x40: 52 51 40 60 50 55
45x46: 42 49 60 53 55 57
35x47: 34 38 46 41 42 50
36x39: 40 22 21 18 37 18
42x47: 38 33 39 34 26 40
38x38: 40 31 35 51 36 30
44x42: 37 49 46 47 57 47
49x35: 25 37 32 20 36 26
39x35: 29 38 32 35 37 38
41x37: 30 35 52 38 38 38
36x38: 36 29 47 38 34 27
39x35: 25 27 23 17 31 20
42x44: 36 27 33 32 33 34
38x38: 29 13 27 20 30 24
38x46: 25 31 34 28 37 25
37x41: 23 22 30 23 29 29
37x39: 33 21 28 26 27 21
48x39: 41 34 24 39 31 39
49x49: 51 42 51 31 42 39
46x46: 43 42 46 29 36 28
45x46: 56 52 61 42 49 59
35x37: 25 14 22 24 26 21
44x36: 39 44 31 47 45 38
46x41: 27 18 32 43 35 39
46x46: 55 44 59 58 48 61
37x39: 28 29 22 25 29 23
46x35: 26 30 19 23 36 30
37x47: 37 19 33 29 28 34
36x46: 32 32 28 34 23 30
47x42: 49 47 60 51 53 44
48x50: 69 65 67 57 51 61
48x45: 53 48 63 56 57 55
43x47: 36 30 36 34 41 32
43x49: 56 56 65 51 54 43
41x42: 47 45 55 47 43 29
45x35: 34 17 26 35 20 33
47x50: 47 45 36 35 36 40
45x40: 47 53 41 52 49 36
43x44: 34 40 27 34 30 30
45x39: 32 28 41 29 34 31
44x35: 25 24 23 29 28 24
49x36: 36 38 48 45 51 52
37x42: 35 46 33 45 32 46
50x41: 24 34 42 33 47 27
47x37: 29 21 31 33 29 37
38x40: 33 25 25 25 23 24
47x48: 58 60 41 78 48 61
43x35: 37 48 31 37 44 35
35x46: 25 30 27 27 36 19
50x40: 34 27 32 37 43 34
41x48: 51 47 40 62 57 47
49x43: 39 36 38 31 45 35
44x38: 60 42 41 44 39 36
48x36: 29 26 39 37 25 36
50x45: 45 33 44 47 37 33
44x40: 47 35 54 39 49 48
37x38: 33 30 45 29 45 35
47x48: 60 60 56 59 64 50
48x43: 36 51 62 58 47 58
36x50: 35 50 42 48 46 53
45x49: 61 59 55 53 57 56
36x40: 32 34 36 47 35 36
47x45: 39 43 31 28 42 42
49x41: 32 36 38 39 31 31
39x38: 40 46 34 37 39 33
44x42: 45 59 48 48 55 30
43x39: 35 55 46 42 42 36
38x41: 35 51 34 39 37 42
39x48: 39 34 33 32 36 34
40x46: 32 45 23 34 33 28
46x36: 41 39 40 46 30 57
48x42: 39 39 39 45 32 29
48x49: 37 43 53 37 42 43
48x37: 42 38 57 41 57 39
47x36: 19 31 31 29 34 35
49x48: 71 69 54 53 66 53
45x35: 31 27 28 30 25 24
37x37: 41 34 29 39 25 43
38x41: 30 23 29 22 31 21
37x40: 29 37 44 41 41 34
45x49: 43 46 71 55 60 61
42x50: 27 40 34 38 43 42
36x37: 39 31 30 35 36 36
36x50: 44 48 38 44 55 49
41x47: 31 43 33 25 34 28
38x49: 31 42 26 27 31 34
35x45: 22 30 34 26 35 17
37x39: 34 39 37 40 48 25
48x46: 53 59 64 57 50 55
50x49: 45 71 73 58 69 57
49x39: 40 34 29 33 30 41
48x44: 34 45 35 32 41 37
38x45: 37 43 49 43 33 55
37x48: 23 28 38 39 25 39
44x43: 20 25 42 35 37 36
46x36: 31 28 26 25 29 41
47x44: 53 52 65 56 44 47
46x45: 40 33 39 32 46 35
49x47: 69 72 64 55 43 52
45x35: 39 32 42 49 38 42
37x44: 41 45 33 38 45 49
47x41: 27 23 38 34 43 29
36x39: 29 27 25 29 28 18
49x38: 32 28 31 28 29 43
49x45: 38 37 52 38 31 43
50x39: 29 41 34 35 25 43
37x49: 55 41 58 37 48 43
50x40: 58 60 50 43 52 47
48x38: 23 27 34 41 37 29
41x39: 36 39 38 50 35 46
37x38: 16 26 23 23 24 31
43x40: 29 45 45 44 48 50
48x40: 53 48 56 47 50 43
44x49: 46 49 60 68 53 53
38x36: 18 26 24 22 25 28
45x36: 46 47 43 45 30 38
38x48: 37 34 32 30 30 29
35x39: 32 36 33 36 40 33
49x39: 45 58 54 42 54 41
46x46: 47 59 55 48 57 58
50x49: 48 44 37 41 30 55
47x50: 39 37 29 55 45 34
35x38: 44 34 35 30 29 35
37x47: 25 30 37 33 33 22
49x37: 29 33 28 35 30 36
37x44: 41 38 48 46 39 38
48x42: 61 66 45 47 57 38
40x47: 34 40 32 22 41 25
37x40: 37 37 37 34 33 49
48x39: 42 50 41 52 51 51
42x35: 26 30 29 21 20 27
44x45: 43 57 43 47 61 53
41x35: 31 20 23 23 28 18
43x40: 30 33 29 29 33 28
47x47: 44 45 59 62 60 67
48x43: 52 46 60 53 48 58
39x38: 41 34 38 45 31 39
38x37: 31 22 24 17 26 24
38x39: 31 28 23 18 31 25
38x47: 53 45 45 35 52 48
49x41: 39 43 32 35 31 27
44x47: 60 52 54 58 43 52
48x35: 47 39 35 40 37 61
39x37: 24 26 26 18 31 31
36x37: 29 12 29 28 27 18
44x48: 58 70 52 48 52 46
46x43: 55 51 55 55 53 37
48x45: 59 54 54 54 51 61
45x39: 36 43 38 40 53 59
35x39: 22 20 25 20 27 29
50x50: 59 66 62 67 62 67
38x41: 39 51 32 38 41 39
42x35: 33 39 38 33 44 39
50x47: 37 29 58 27 43 45
39x36: 28 34 22 23 19 30
47x38: 32 32 29 30 31 25
35x46: 35 62 47 35 32 34
42x47: 38 36 38 30 37 31
46x41: 55 64 37 45 47 44
36x45: 26 40 31 25 31 26
39x40: 49 36 48 43 34 32
37x41: 22 26 31 24 22 30
37x40: 46 25 44 35 44 37
44x38: 31 43 40 54 43 43
49x47: 40 40 35 42 35 48
42x41: 30 41 27 33 29 21
38x50: 25 39 33 31 35 29
41x47: 27 29 31 38 35 35
38x46: 45 41 33 52 50 49
45x37: 43 44 42 40 39 48
37x37: 17 27 25 30 25 19
48x38: 35 37 25 35 30 29
49x37: 26 36 26 25 47 32
41x43: 37 38 51 55 44 44
35x38: 32 38 42 32 31 29
40x45: 26 30 28 34 40 36
50x47: 34 47 41 33 36 49
39x46: 28 29 30 28 37 42
48x40: 52 52 50 37 59 48
40x49: 59 56 53 49 40 46
41x40: 26 23 24 28 35 33
42x43: 35 37 40 29 26 29
42x49: 40 32 34 37 38 43
48x43: 54 47 63 41 52 61
35x39: 32 28 45 33 31 40
41x44: 33 21 34 28 38 28
36x46: 37 50 38 42 46 41
46x42: 38 44 55 35 63 61
41x48: 25 31 37 38 39 37
45x38: 47 45 57 44 34 36
38x36: 22 37 40 40 35 33
50x41: 32 34 40 29 32 41
48x39: 39 32 34 48 26 28
48x47: 42 43 37 41 32 45
46x47: 62 53 55 59 49 56
50x44: 71 39 64 56 65 49
47x50: 36 32 42 41 53 36
36x36: 39 29 28 41 37 28
35x45: 38 43 40 46 40 35
40x47: 58 57 50 47 45 35
47x36: 33 51 45 43 45 41
47x42: 49 54 47 50 32 69
48x47: 64 57 54 57 65 53
41x44: 28 31 34 34 30 25
40x50: 62 62 40 60 43 43
50x42: 35 39 42 44 35 28
40x38: 37 38 42 45 34 37
36x42: 32 27 25 29 29 25
49x46: 35 34 48 41 35 46
47x39: 43 44 51 47 45 51
48x44: 29 32 29 43 43 47
40x35: 27 36 45 28 42 36
47x44: 50 40 55 54 69 52
45x39: 58 47 43 37 46 43
44x39: 24 32 31 34 34 26
43x42: 26 25 40 38 39 28
50x41: 62 52 52 50 58 45
40x36: 24 28 22 30 23 29
38x38: 17 21 31 30 23 22
47x41: 26 37 38 23 37 33
44x41: 31 24 30 22 35 39
35x38: 17 23 22 18 29 22
40x49: 49 49 48 54 53 49
39x35: 30 19 23 13 28 30
40x41: 39 51 48 44 37 32
47x49: 41 29 40 39 47 44
49x48: 42 44 43 43 43 41
36x35: 18 24 29 20 24 17
35x35: 22 20 18 16 23 21
41x43: 36 34 25 37 24 26
43x49: 53 46 55 60 59 52
37x48: 55 46 51 31 43 50
46x44: 37 38 35 34 33 32
46x48: 33 48 32 34 49 43
46x45: 39 40 31 41 32 41
47x50: 43 39 47 37 38 36
46x40: 49 48 34 51 63 41
37x43: 38 38 43 43 38 44
50x41: 52 56 47 55 48 57
50x38: 37 27 32 25 38 33
38x40: 39 47 38 38 38 34
45x39: 42 42 31 55 50 50
44x48: 41 41 28 37 38 38
45x45: 32 36 32 44 42 39
49x45: 49 65 42 71 60 51
35x36: 40 34 33 30 29 30
38x42: 32 47 36 35 47 47
46x48: 50 52 52 65 56 63
36x38: 27 21 37 22 20 17
48x43: 41 42 30 39 38 34
41x42: 56 41 43 44 55 31
38x42: 28 23 33 28 28 28
44x47: 51 52 66 61 47 40
40x36: 30 19 17 35 28 26
41x39: 41 41 39 44 45 37
46x42: 43 48 49 56 45 54
36x38: 31 32 33 40 38 36
48x44: 75 51 44 54 53 54
50x40: 60 53 53 46 55 44
49x42: 45 56 48 59 56 51
46x49: 40 30 41 44 29 55
48x39: 58 54 35 48 46 50
47x35: 31 35 43 47 55 41
47x36: 52 42 41 38 44 46
45x41: 43 47 57 46 47 43
37x47: 32 36 36 25 29 21
37x40: 19 31 35 18 22 30
44x43: 41 28 38 36 28 25
39x35: 30 25 17 23 23 25
40x40: 39 47 46 27 50 38
47x43: 34 33 36 39 35 33
35x39: 34 45 23 41 35 32
41x50: 39 39 35 33 28 33
37x43: 28 23 33 22 27 34
50x41: 35 36 42 31 31 33
35x44: 40 28 45 39 43 43
35x45: 22 37 20 29 37 19
38x47: 40 52 37 40 49 56
40x42: 34 30 28 29 24 37
42x41: 45 48 40 42 40 50
46x39: 24 34 28 41 38 30
35x38: 20 28 25 22 18 19
50x46: 61 52 49 66 60 67
35x41: 29 48 36 33 37 36
40x47: 27 37 33 22 38 37
49x42: 56 54 59 54 41 52
37x42: 31 30 35 22 25 24
48x35: 34 57 38 47 42 38
45x47: 55 59 53 51 61 48
36x45: 45 44 49 29 51 34
46x43: 33 31 35 41 40 30
35x44: 42 33 55 30 41 37
48x42: 47 51 41 58 59 54
48x43: 27 35 40 36 38 47
45x50: 70 60 56 56 43 63
45x37: 27 29 34 27 35 27
40x39: 21 24 25 37 32 30
50x38: 29 36 28 32 35 31
49x35: 29 21 34 28 33 31
40x35: 43 40 31 34 30 39
43x44: 49 42 46 42 59 55
40x37: 40 43 42 32 40 32
36x37: 24 24 23 28 18 26
48x41: 34 39 32 35 39 29
38x35: 22 24 22 21 20 23
46x44: 37 32 36 36 38 31
43x40: 27 28 28 25 39 35
49x36: 30 30 26 36 43 26
49x36: 40 36 26 33 21 36
35x45: 50 36 46 32 44 38
39x44: 39 28 22 30 36 27
45x45: 32 40 37 37 44 34
49x47: 34 38 44 46 40 38
35x48: 30 35 33 28 25 25
48x44: 57 57 56 63 41 50
50x35: 41 33 57 56 41 40
48x50: 69 61 50 62 70 61
47x39: 32 28 30 33 27 44
41x50: 32 34 47 32 32 31
35x45: 35 30 44 45 47 41
44x48: 61 47 60 58 52 49
48x39: 51 50 53 50 48 37
43x39: 28 29 31 37 26 31
40x38: 45 40 34 36 39 42
49x36: 29 24 38 38 37 25
40x38: 17 33 28 25 23 29
46x50: 39 31 38 29 56 47
37x35: 17 15 22 22 32 24
39x35: 31 37 41 25 40 36
40x47: 28 33 31 38 32 33
46x49: 38 44 36 35 45 42
45x44: 39 47 49 57 67 45
49x41: 45 62 49 58 49 44
43x44: 36 31 36 36 26 31
49x45: 34 46 47 44 30 38
38x41: 29 25 21 15 33 33
41x42: 45 50 32 50 49 40
39x40: 34 33 38 34 44 56
36x40: 27 32 20 29 31 16
41x43: 35 44 59 50 40 40
48x49: 37 37 39 57 40 45
35x49: 35 27 35 30 32 17
41x35: 32 30 22 16 18 24
43x39: 40 47 33 44 41 52
45x50: 35 41 47 35 47 35
47x50: 65 57 62 63 52 63
41x44: 47 49 44 37 59 44
50x36: 36 29 22 41 27 37
43x48: 45 53 47 54 50 66
37x35: 38 42 31 25 27 37
48x36: 54 48 39 45 46 37
47x45: 34 52 31 31 34 42
42x39: 33 28 36 20 35 30
44x43: 61 47 48 53 36 48
35x45: 34 39 43 52 41 32
39x35: 25 21 26 21 22 27
35x40: 20 26 30 18 31 17
35x36: 17 22 22 28 20 22
44x46: 55 54 42 58 48 55
35x37: 24 23 23 22 17 23
37x43: 27 32 23 25 32 29
47x44: 34 31 25 27 54 38
50x36: 50 38 41 61 45 43
38x35: 23 24 12 21 23 29
50x38: 47 54 56 37 48 50
37x43: 28 28 28 26 28 30
37x35: 18 24 16 23 23 27
47x36: 44 37 52 46 45 37
45x42: 44 34 32 38 32 30
40x50: 38 28 32 30 44 36
37x50: 64 51 36 47 58 35
43x41: 47 40 53 47 46 39
40x49: 34 42 27 31 38 35
41x42: 29 32 34 27 33 27
42x49: 61 60 57 49 45 46
41x38: 36 32 41 44 47 40
44x37: 37 41 48 46 38 39
41x50: 58 70 50 47 64 30
35x42: 36 38 38 38 39 37
36x41: 41 39 39 34 43 33
48x35: 26 35 26 34 18 37
47x45: 38 64 44 53 53 69
44x48: 52 51 55 52 65 51
41x39: 51 39 39 41 46 34
38x45: 30 46 52 47 35 48
40x40: 24 27 25 30 31 32
38x37: 43 36 32 32 38 38
35x35: 30 35 27 37 35 25
36x40: 23 32 17 24 29 31
49x36: 63 44 32 37 41 59
47x37: 52 42 49 35 44 48
44x35: 33 27 23 22 25 23
40x36: 35 38 29 37 43 40
40x35: 26 16 29 24 23 25
45x47: 59 51 50 54 54 59
50x45: 47 74 51 54 62 56
41x47: 58 43 54 45 55 45
39x41: 42 50 29 51 36 38
44x43: 32 35 36 31 40 22
46x35: 39 52 41 34 47 35
41x35: 43 26 26 40 46 43
47x42: 58 51 62 41 49 45
43x35: 50 41 39 40 32 32
41x40: 23 30 27 34 33 21
45x43: 37 37 38 22 35 40
35x50: 36 53 53 46 39 39
39x37: 20 23 31 23 32 27
37x38: 23 25 28 21 25 22
41x44: 28 27 24 34 36 32
41x50: 16 42 35 39 34 42
46x47: 43 57 49 61 61 59
44x40: 41 46 34 52 46 51
48x41: 46 60 38 48 53 57
47x36: 40 40 47 43 53 38
42x39: 26 28 36 26 33 33
37x43: 31 55 34 44 39 39
42x41: 41 34 56 39 63 34
35x50: 49 46 41 47 48 40
48x35: 26 36 34 26 30 24
36x35: 19 21 21 26 16 28
37x42: 19 33 41 33 21 20
35x43: 32 42 46 27 45 39
37x46: 38 38 58 45 55 28
48x41: 42 55 57 48 52 47
50x36: 44 44 40 40 55 55
41x39: 45 36 36 39 39 52
39x49: 47 37 31 26 30 36
47x36: 47 44 46 38 47 40
49x46: 35 51 44 42 27 40
38x48: 22 30 40 34 28 37
43x39: 33 37 28 30 31 23
45x47: 34 37 55 27 40 32
35x35: 26 17 16 19 19 24
49x47: 55 60 63 55 56 64
41x41: 47 43 46 41 36 46
46x45: 43 51 60 49 54 59
49x43: 38 45 43 25 31 42
49x45: 58 58 46 55 58 65
43x35: 38 39 37 32 41 45
37x35: 36 38 33 31 31 31
35x46: 33 28 29 24 24 27
39x48: 53 42 49 49 50 47
42x37: 45 48 35 45 34 33
35x50: 43 49 49 49 51 29
39x40: 22 27 29 29 28 33
37x40: 27 29 50 35 46 39
41x46: 26 27 32 38 34 38
36x42: 31 30 31 30 23 23
47x46: 40 47 38 27 38 35
35x43: 38 45 37 40 42 30
44x43: 32 33 39 32 28 31
48x43: 50 47 61 59 39 59
42x41: 25 37 34 21 35 30
43x42: 30 47 53 54 37 51
47x50: 41 37 40 42 36 44
39x39: 34 47 32 44 40 36
38x40: 38 40 34 31 46 46
42x36: 25 41 24 30 25 22
44x38: 42 47 43 48 35 41
38x35: 26 23 25 17 25 15
39x40: 36 41 44 39 47 33
45x44: 37 40 33 39 33 27
39x47: 28 33 34 30 28 42
48x40: 48 49 45 55 48 50
37x43: 30 24 27 29 32 26
47x45: 35 35 39 40 44 31
38x46: 49 42 41 57 43 38
38x36: 34 37 32 31 40 37
42x44: 42 55 37 45 53 52
45x39: 50 43 45 54 34 44
45x48: 31 38 40 43 42 45
50x38: 51 39 65 47 46 45
38x35: 41 42 31 25 34 34
36x38: 34 29 33 36 38 41
48x40: 48 38 31 31 27 32
39x41: 28 33 29 22 32 25
44x40: 55 35 54 37 52 42
45x43: 38 58 44 47 58 51
46x44: 44 32 39 40 26 28
40x49: 31 37 31 40 33 35
42x41: 41 44 49 46 48 37
40x45: 34 44 55 54 41 45
37x36: 43 36 33 32 29 34
40x36: 31 31 44 38 37 39
49x46: 41 33 46 37 44 38
35x43: 27 29 23 22 28 25
45x49: 38 45 49 33 36 38
38x47: 44 42 40 55 49 45
46x36: 40 44 42 39 34 54
49x41: 58 56 59 44 51 43
35x41: 28 30 26 20 21 18
41x38: 43 34 45 50 33 35
48x36: 35 28 32 33 24 39
41x46: 29 33 34 26 38 34
42x41: 37 35 20 25 35 29
36x48: 40 39 21 25 33 33
42x47: 52 53 44 47 54 55
35x42: 30 40 42 42 37 33
41x43: 40 41 40 46 45 58
38x39: 28 18 27 26 32 24
48x47: 59 60 53 53 61 62
49x35: 29 28 30 34 32 22
44x40: 49 36 55 40 50 43
38x40: 41 42 38 33 35 45
36x42: 43 42 32 42 37 38
35x37: 16 26 24 21 21 24
39x42: 41 53 45 28 50 36
40x35: 39 37 35 30 31 44
50x37: 35 28 39 24 35 31
41x44: 37 24 34 24 32 31
44x39: 27 32 36 23 25 38
50x44: 64 50 59 61 51 55
40x41: 39 46 47 36 37 46
39x42: 31 36 27 31 28 28
41x47: 50 58 51 42 42 53
47x48: 48 60 66 52 60 59
48x46: 36 42 46 34 35 46
42x40: 52 40 41 32 35 60
46x46: 61 43 51 61 50 61
50x41: 63 53 47 54 62 41
49x46: 44 40 33 48 41 33
38x46: 58 37 47 48 37 45
41x43: 23 36 34 27 26 35
45x43: 48 32 42 33 20 34
49x40: 33 36 40 28 34 36
40x40: 36 48 43 36 42 40
50x47: 31 43 55 36 43 32
39x37: 42 37 39 37 39 30
43x38: 41 41 43 41 38 47
41x38: 53 37 38 42 27 45
36x48: 39 42 43 46 46 49
45x41: 48 49 46 44 44 53
45x40: 45 43 49 42 53 46
37x37: 38 34 33 35 37 35
43x35: 31 39 23 16 25 20
46x47: 50 50 62 57 54 58
49x45: 66 50 59 51 55 61
36x45: 44 39 42 47 40 38
40x47: 29 45 21 32 30 37
36x48: 55 45 44 34 44 47
36x41: 22 22 20 26 30 35
48x37: 52 47 39 38 51 49
45x43: 34 36 33 32 39 36
40x45: 29 28 21 35 38 43
48x38: 40 32 28 24 38 30
47x50: 71 59 51 65 68 52
37x48: 49 46 49 39 41 50
47x45: 44 28 41 33 35 43
43x35: 32 43 41 38 39 37
50x49: 71 71 55 63 59 60
37x41: 27 22 26 34 21 25
39x43: 43 56 45 36 41 37
43x44: 42 41 47 55 51 54
36x46: 45 43 42 40 45 41
48x41: 59 53 49 48 41 54
49x48: 47 29 39 49 56 36
45x43: 41 54 45 40 61 56
38x49: 44 43 43 57 50 49
44x36: 43 37 34 42 50 40
35x43: 32 49 36 32 40 41
37x50: 32 26 27 30 28 49
48x35: 46 44 29 50 45 46
39x43: 27 34 37 28 30 25
45x48: 42 45 42 40 31 40
45x46: 44 45 38 31 39 28
50x44: 72 58 55 57 48 52
36x35: 36 38 23 35 38 26
36x49: 43 42 41 54 46 45
49x39: 52 50 46 45 55 48
37x41: 25 19 29 33 30 20
35x39: 29 33 39 31 32 44
45x38: 23 29 28 27 38 35
41x36: 49 39 37 29 40 37
40x46: 45 46 49 45 49 49
46x37: 34 30 26 36 31 23
46x45: 50 52 61 55 60 41
38x38: 19 30 21 24 23 27
44x46: 57 49 50 51 43 62
37x37: 29 36 37 38 41 29
48x35: 35 34 25 31 27 24
41x45: 42 30 39 30 25 29
37x43: 31 42 43 47 38 41
45x43: 32 33 34 36 34 40
39x38: 37 38 38 42 37 36
35x48: 29 32 29 32 32 22
47x35: 49 38 44 44 34 45
47x35: 25 26 31 27 32 23
47x49: 30 36 44 53 37 39
42x35: 32 25 19 13 31 33
43x43: 41 49 49 52 40 51
39x50: 50 54 56 44 41 54
38x45: 34 37 25 30 27 27
36x46: 42 44 50 36 49 35
44x48: 42 37 30 38 31 45
44x40: 26 23 36 31 34 31
49x48: 62 68 53 61 50 67
45x44: 46 48 53 56 48 52
44x49: 39 26 33 40 43 43
42x35: 38 39 41 40 33 35
45x44: 47 67 39 53 52 46
48x42: 45 60 68 43 34 56
41x35: 41 34 32 46 34 35
37x41: 48 40 35 43 30 39
39x42: 45 39 41 46 34 47
44x49: 57 68 54 50 58 46
37x47: 27 34 23 29 37 30
47x46: 56 59 49 61 47 60
38x50: 31 30 35 28 31 36
37x49: 39 31 31 39 28 24
45x48: 56 46 53 71 50 56
45x49: 54 49 59 51 72 56
50x48: 42 43 48 48 40 35
46x48: 56 48 71 54 51 59
42x50: 32 39 36 38 37 42
45x50: 60 58 59 54 56 60
46x44: 51 48 58 56 35 61
47x41: 63 45 44 58 52 39
35x42: 31 22 19 25 24 33
44x50: 50 53 60 54 49 70
42x35: 30 46 30 44 36 38
35x40: 22 23 32 17 24 25
46x35: 44 43 39 41 37 44
39x41: 39 37 40 42 43 45
46x36: 38 40 43 40 38 54
48x43: 45 51 43 50 62 66
36x43: 39 32 44 42 46 36
39x35: 23 18 18 32 30 21
41x39: 35 41 33 39 50 48
35x44: 52 45 44 30 42 28
47x44: 48 63 58 47 60 42
39x43: 47 30 22 34 23 26
49x36: 34 43 36 25 23 31
42x41: 46 39 52 44 39 45
40x37: 29 27 26 26 28 20
38x36: 33 36 32 33 40 37
48x49: 61 54 60 54 57 76
35x45: 31 31 18 30 29 26
36x46: 33 44 36 37 54 50
43x49: 41 56 53 66 56 49
36x35: 31 45 32 29 27 29
47x49: 64 61 60 65 46 58
49x38: 52 29 37 60 55 56
35x47: 53 36 47 44 39 37
38x46: 27 31 30 31 28 33
46x35: 48 44 39 36 36 46
41x40: 20 33 30 33 31 22
43x40: 30 28 31 30 33 29
40x43: 42 53 43 42 41 43
46x36: 36 36 21 16 43 28
50x42: 28 44 33 44 41 33
38x38: 23 20 23 24 27 26
38x45: 27 30 33 33 26 30
41x43: 38 46 50 46 48 42
41x44: 29 29 33 22 32 36
40x36: 36 37 30 33 34 51
41x39: 40 36 44 39 42 45
48x40: 47 52 43 58 50 45
48x45: 48 28 40 36 46 42